//CIRCULOS
0.04778689559399066,0.1603574901565829,1.6763089748922074E-4,0.46933948602736864,0.0018044256298886344
0.049137540737396575,0.1591722129232374,2.0340892307238873E-6,0.01099608494841557,1.425310629938986E-7
0.046774290230274886,0.1597052817880849,1.3505856511483505E-4,0.008471376173525266,2.758179014427237E-5
0.04759357032683389,0.15980388466031145,1.0316169355311907E-4,0.3137923807924456,1.4954832792963662E-4
0.048484737515477626,0.16037141637981783,2.7784727477305187E-4,0.3159974748514717,3.6670516723708946E-4
0.046320895221994125,0.16173223005577952,7.316464105251646E-4,0.08200029247842897,9.253178971175518E-4
0.046670540633608815,0.16354614767352704,0.0013747207498985437,0.018960053200425618,1.8261463133588244E-4
0.04926837314910051,0.1610885814628286,5.730932333230153E-4,0.02082411889948158,1.644944869362765E-4
0.05175614464988491,0.1597009138240409,8.545466256153179E-5,0.08425720826439341,1.534661963424875E-5
0.045103018824609736,0.15982283084599969,2.2030475288575608E-5,0.4756335574580204,1.5442087446477902E-4
0.04873265306122449,0.16052417890973314,4.046779320029093E-4,0.15288243361660192,6.5767063538647E-4
0.04965809668846487,0.15962948781964575,5.290388335993993E-6,0.2290802325729659,2.0061980632419797E-4
0.04610853313844447,0.15960284294409546,5.1509240548430785E-6,0.48214895332687263,7.055147593614853E-5
0.04860075123874474,0.16085900788335827,3.434675995932886E-4,0.5738632552159151,5.960026612222487E-4
0.04906751890042622,0.16081493336591418,4.8113074779379935E-4,0.1238082133110054,7.066898182437604E-4
0.04743076498977573,0.1643850558401964,0.0015793375162099087,0.17512534545194636,0.0026046943571156698
0.04722715318869165,0.1604365791224342,3.5077184037305407E-4,0.13442887843350312,7.176633247197401E-4
0.04873290462018141,0.1605616417233457,4.0987416712764485E-4,0.12214265282098279,3.937072689845745E-4
0.046763592256880135,0.16076145489406193,2.8791685173119077E-4,0.6841883281835413,0.00228530855390714
0.050407930032856624,0.16032523156926626,3.0501793638289883E-4,0.18435799185601784,4.42989086443759E-4
0.04682056539410655,0.16026978694580013,2.652377767353871E-4,0.20206768386276275,2.5508103798978145E-4
0.05016996184530004,0.16138062352216365,5.31487104472659E-4,0.519569857752888,0.003170896346430893
0.045988566726719554,0.16227421087975424,5.821339876018931E-4,1.7125127494862125,0.006701716231894119
0.048384478878116345,0.16162833002970922,7.362534220394475E-4,0.1794852086855194,0.0013358674083876936
0.048829168071609134,0.15940388673256944,2.5076231046525907E-5,0.08120924330966917,1.110140253563628E-5
0.04951249924884322,0.1601089107351519,2.6039374981408624E-4,0.0643168324142271,1.1823598527677406E-4
0.049740213204335755,0.1601508004143619,2.770772611537137E-4,0.2045981322465988,3.74484176117596E-4
0.046249800202461507,0.16112483191327992,5.073323663642759E-4,0.31311455139471245,0.0015987025269850218
0.04936981201171875,0.1595807047390708,4.767470153906685E-5,0.26991660100246206,9.454026362195155E-5
0.04803710988044097,0.16155350957426667,7.461509614565502E-4,0.02110882256369459,2.2163503073770218E-4
//CUADROS
0.04802988360747496,0.1667667237614321,1.5314999318070735E-4,0.09784946321965327,0.0049400443584142716
0.05313399107735675,0.16699238633250985,3.270599411583814E-5,0.04953985981336114,0.007608487341546721
0.04475641712675946,0.16989353410424665,8.837191226703974E-4,0.16745211717281216,0.0066504087075308525
0.05105283282570573,0.16736469613427163,3.1845265010119546E-5,0.03964053679078892,0.004448257770864259
0.051521899840016844,0.16584770241577962,1.3904230620476426E-4,0.10422957271479609,5.565543920958776E-4
0.04430981959929712,0.16732367665009878,2.37582024541489E-4,1.0292479447844443,0.01735534418588505
0.04744421872432818,0.16623317557055364,1.6850709503985914E-5,0.195644619346051,1.4291046740305442E-6
0.04879393288895645,0.16727959900891443,2.161470983907335E-4,0.08696003595716141,0.018082289482354713
0.045326455458832585,0.16942229087190414,2.7203706060360556E-4,1.5662871095468591,0.018499879844336497
0.0483535012894267,0.1659451906030028,1.8782319497180673E-6,0.10727796767609438,4.3267149598599943E-4
0.04740975212931973,0.16907155886066647,2.3595316003505274E-4,0.429810855582408,0.032947705654933226
0.0493330065473898,0.16903229397679892,4.000132211550137E-4,1.3954083903765482,0.03217180556809307
0.04852633874860162,0.1675604448782963,2.481263034134621E-4,0.24570004445898785,0.012176836798319287
0.04696625514403292,0.1663313685969593,1.11532308812336E-4,0.25127064860229525,4.364629851247164E-4
0.04901538959317915,0.1670388461675736,9.574028581098167E-5,0.16140155864415723,0.010966410403981216
0.04415870120648004,0.16751140749509946,2.4076654653148796E-4,0.6962281320044166,0.0172779358878914
0.04493735980490206,0.16618991770948885,2.670523294546957E-4,0.7442942647170738,0.01634631462598039
0.04493670974297786,0.16850708624714034,1.6027464771220694E-4,0.9040867820261546,0.013221698764962767
0.047268051815598164,0.16940639063014512,4.30579881024814E-4,0.15759465378890633,0.0059410921552616285
0.05074634134463194,0.16650107819079907,2.3454865034555034E-4,0.5462709075867382,0.009848045561902231
0.048761559852551255,0.16657223304468077,1.3113889552667337E-4,0.12290525596756205,0.0022331625445453445
0.0488486967508632,0.16808343416819932,3.251643461580128E-4,0.3906971778380437,0.013914794419538861
0.04886827193219155,0.16693498373004897,5.3388661538435696E-5,0.11357133640821988,0.002429929465709714
0.05024314413265306,0.16759913076584548,1.98903154462769E-4,0.0033825986985985745,3.2239942559310016E-4
0.052403500164715296,0.16756015332623894,2.5748404125559858E-5,0.7461400405806417,0.02120427941433691
0.05141000461382558,0.1695006853148059,7.14296863855911E-4,1.289455878644929,0.04092739346045251
0.04921781998861342,0.16821965051636079,4.706948638266985E-5,0.3875734018563828,0.0033987666130112517
0.049563315232830904,0.16592921910911795,2.3354090916850038E-4,0.05553938407096251,0.002306357363524394
0.04812462263011714,0.16793845893822001,3.3300005405749114E-5,0.23372371920230084,0.009286407104728056
0.04843076923076923,0.1682279587100129,1.4248792687459373E-5,0.21721546971695807,0.001996363151728869
//PENTAGONOS
0.03741061578963561,0.16946721450041213,0.0014197775635621233,1.761792753844316,0.12551455795152935
0.040073996993872124,0.1646991201944848,5.043445946298086E-4,0.7119774725342407,0.0069939439772127915
0.04019694483019821,0.17262087646324525,0.002118671777721798,4.111098960760902,0.09039306983168922
0.040128193043642194,0.1701938653259017,0.0021228872070643873,2.0268745513583175,0.10522497018662938
0.03754694733164469,0.1642450077989287,7.460279987897552E-6,0.9469185904351873,0.013709611312353317
0.0354596053297352,0.1719080020407398,0.0025464293535258577,0.3457696231963,0.034461708068335165
0.04204139708448549,0.1730643311459219,0.0034882699720762307,1.015657426308857,0.0500074175791342
0.03741072153234316,0.18572307096158155,0.008150276692407546,1.3994653811636824,0.21021454570674095
0.03714725105728566,0.17460230511589842,0.003934883608812768,0.2160714173037705,0.01616568335836144
0.03946516924927006,0.17993123226486346,0.0056954592558212305,1.7256992222191427,0.15310924357710679
0.03702459493170839,0.16891097510143077,0.001359181100639528,2.756051242319624,0.09595016137228801
0.03866745984533016,0.16867632573400632,0.001337414618813638,0.5860298977720101,0.010070598410594487
0.04000609289318689,0.1694523861173079,0.0019753459771396243,1.5345512825265457,0.015087554100056313
0.038016098098028,0.16714955568464696,0.0011976172829691073,0.7754938785753982,0.007983962255576318
0.039809841776745535,0.1682827329254069,8.06719803937037E-4,2.7837010692125856,0.0896387814426562
0.03953016513417151,0.16518094678078776,5.819092626789413E-4,1.938792982719213,0.010751849933874767
0.0361348051214797,0.1639048259764816,5.45833012966661E-4,0.17451862638891436,0.0017906238488890587
0.03837488457987073,0.17286877490790573,0.002177662029926466,6.07349834193137,0.37957366309482704
0.04006457542674386,0.16545527665119608,5.739033192728564E-4,1.3934963489046035,0.031027823673367594
0.03741099234071206,0.16643628610305916,0.0010267059084953822,0.06544807800238449,0.003282806126959719
0.03704451907780106,0.1673622029319884,0.001077887933797592,0.7005706392197583,0.01885766155076709
0.039582367298686874,0.16463613410829722,4.0535114656498874E-4,0.1273672151002744,0.01342827912354662
0.03865722008918579,0.1645615958600984,9.245752201526885E-5,0.7135393312530139,0.004374538449315162
0.03720237343769726,0.16650943981944233,8.708851767500211E-4,0.18409061108225164,0.01855830492104784
0.03556327043714345,0.16928017077180413,0.0018969264775294669,1.1293538701145442,0.0351170480953238
0.04183569264447842,0.16275610646598707,1.0411548951835863E-4,0.0711723743668717,0.0037293347906806247
0.03585257799981148,0.16598207372583118,6.148639453694002E-4,0.16673718936027143,0.006128296937371667
0.040622194180882816,0.16584313404520754,9.382129486706058E-4,0.7694883029456121,0.016048697698956213
0.03968990835094355,0.16433592880773015,2.802507238997876E-5,0.9479925116779512,0.014274262709849547
0.03764314393288444,0.1659883732001714,8.209288567588725E-4,0.7338952162824177,0.030744375781819187
//TRIANGULOS
0.03200281412914165,0.2535400199845157,0.029144899905303494,51.79750480113383,12.219970710185441
0.03780718336483932,0.21307991187257502,0.011931735526878318,24.289505746440064,1.9522667103606908
0.03707971345831428,0.19329360399504916,0.0026596244186475816,22.201712253169894,0.345701642436552
0.033798426960820124,0.21530614305029597,0.012678267358415223,15.99136286079383,1.184588399537863
0.03140536818059662,0.21426662474545025,0.00873295324075136,39.776671741492265,2.512029742982582
0.03406280991735537,0.22618957146771954,0.016881421443757955,46.987784961021,5.72890342651364
0.03306094182825485,0.25592499724917556,0.030217597777195793,27.43499519241221,5.287411333004049
0.03277501131733816,0.22796378859018598,0.017309805207670805,34.78162679673642,4.953056149201948
0.03403543996021294,0.250744070896512,0.02963065651450294,31.340308163339728,6.100794536132373
0.033787332376317356,0.19810386742961267,0.004466868048444969,33.75344749963669,0.9250109041611976
0.03389009924957637,0.21367346910804436,0.011151122998613223,30.771432634594706,2.512204145203508
0.035201464502965234,0.18781256574144378,8.75793709070402E-5,27.122952681987762,0.0010366225864382466
0.031217563862712128,0.2105734074430088,0.010371431297650566,36.85926818242671,1.325532631300453
0.03329444389074216,0.19813751613423217,0.0038575764619637977,22.28736896201015,0.30929574505338553
0.032157417792732644,0.19674201250517148,0.0023076703717335493,31.726995009143184,0.364902565252553
0.03490025102391333,0.19000312193934743,0.0012610599626244137,24.2957297601507,0.28752911606701914
0.03354626941042797,0.18884583286474615,0.0011131749223243523,23.24731715364525,0.15776308072376632
0.032798816369721664,0.19128336800309467,0.001261563492672189,26.159427980689657,0.23989032935531535
0.03330604116865323,0.22540123398693906,0.01482972724248389,43.618834605526715,5.539761140718813
0.03339962717916404,0.2097120502842549,0.009089813727666568,41.03375165282065,2.2858843421194766
0.03425614944795708,0.20830646844887085,0.009552909562531412,31.575193593350484,1.0547530281740234
0.026886027326374032,0.23778357469679265,0.019822950892639746,64.39558420247498,5.458633543530193
0.03761431267237625,0.1862977753433364,8.968618853247149E-5,14.276983695001501,0.032083926783046675
0.03097085250931405,0.1983972409091609,0.00288349902602217,48.35931193839674,1.2362504536337284
0.03115017361111111,0.1981120069882812,0.0012138807050608206,35.95090993384349,0.3017403549468793
0.029590606689453125,0.24379732293025191,0.02618022278031482,33.015819295998526,5.570304240904111
0.03463418640133817,0.21077003456551155,0.009466248558467321,34.30684955907829,2.704287845600772
0.030618113410373557,0.2140909988560859,0.00877099134776073,60.322708153574645,2.548805388584513
0.03614943919954813,0.19058525262788323,0.00209782385102328,26.079063053692572,0.3747698673931729
0.031687548825190794,0.2272605253535498,0.01644755314641761,41.02592981130941,4.43226951347442
//TRASH
0.0010091372510645958,0.322061995154752,0.03217296720780259,1219.3238517790799,540.4204547715495
0.007302077258742384,0.8197561735650667,0.6398160377387788,360.30060023449073,315.61732579382647
0.005499669491016165,0.35202419230775567,0.08460027408348007,20.563600206474494,2.1021098286058684
0.009958879172226329,0.20473402895966225,0.009115543813186772,63.36064477745438,21.303577683496293
0.0030455813778403075,0.3116565246406439,0.0034870315857667266,20.44782987646763,2.7571195281642815
0.011859378983961543,0.5423779078423536,0.26172114511037464,10.457043949995048,2.9918093904235428
0.002647083321292766,0.5009422543225589,0.02987429930837706,1312.2950795853646,470.4612084488654
0.0022103875493162907,1.4092596788752039,1.8090630146215818,338.7900073961673,324.7941154180906
0.001264209547941757,1.2430908731703347,1.3250434705763445,1241.2825442634228,730.9336445327831
0.0035185684779086715,1.6295275935272895,2.557188557938951,737.4024890285827,762.3863833256847
8.843623913031987E-4,0.30755995154428345,0.02992073864740188,6.197897221179909,24.62931058453027
0.010181963142290027,0.7068406285887152,0.40284398779290986,173.58185536106134,94.10692180450962
0.0035351278726429096,0.3857735097002286,0.08373094486211886,42.820412836863795,12.590062189483024
0.011233909835308437,0.2275813793219798,0.00112042564425189,2.5939911136106177,0.8286657430627848
0.0015148362466272554,0.23492558381214218,0.003670043194410165,10.045205296921475,0.09440919019235745
0.0024007602111403474,0.41793708904029925,0.11094020556889095,26.77414996888846,24.159027447361588
0.006335979063721355,0.20407189544069232,3.485228704280533E-4,16.062952832338627,0.6026558353305732
0.0031736776343190337,2.643196213754782,6.872525926845333,3500.429138743457,3460.4655853668664
0.006186486901116456,0.33654798776270584,0.08041732012661565,32.111596851139396,3.2386129453944053
0.003449444830895755,1.8539994661238428,3.3819879023463777,301.91836000886445,281.5607576118465
0.026042240587695133,0.27579657890392223,0.0437697471491762,6.087968649248527,1.111637706666885
0.010393046107331822,1.1479226896728694,1.2808008424630932,7.516338160045852,6.746908913003356
0.015465009533225054,0.7188145961885923,0.4861356481143326,1.83656916449358,1.2093569454432975
0.01681032266908854,0.24403108287728967,0.008247425376504448,516.629318375217,171.80922300922333
0.0030468148853493382,0.24999970378483316,0.008291632506728614,760.1685188332231,529.8102429337222
0.01858183439869184,0.1905440757157767,0.0038697366320233403,0.8038347772139564,0.12291640017309019
0.025017313019390582,0.25554853202666244,0.025329325456804493,1.4903307495212113,0.18732655581455288
0.007702041900357762,0.42938793365678035,0.1325073593793248,13.222001964400492,9.293760705440638
0.02707899375100144,0.36082627278122525,0.10455086447701294,0.02603373537769784,0.007844076078235472
0.018269896193771628,0.7176683958627273,0.4876177580125617,1.179651981132804,1.0187577664458716